"1950" "1951" "1952" "1953" "1954" "1955" "1956" "1957" "1958" "1959" "1960" "1961" "1962" "1963" "1964" "1965" "1966" "1967" "1968" "1969" "1970" "1971" "1972" "1973" "1974" "1975" "1976" "1977" "1978" "1979" "1980" "1981" "1982" "1983" "1984" "1985" "1986" "1987" "1988" "1989" "1990" "1991" "1992" "1993" "1994" "1995" "1996" "1997" "1998" "1999" "2000" "2001" "2002" "2003" "2004" "2005" "2006" "2007"
"0" 40300 39750 39700 40300 40700 41400 42300 43650 44450 44700 45223.5 46712.5 48789 50976 53023.5 53625.5 52877.5 51608 50210.5 48527.5 47161.5 46525.5 44782.5 42288 40399 37972.5 35986 35232 34600 34419.5 35210 35739 36103 36179.5 35839.5 36183.5 36795 37154 38020 39088.5 40088 41170 41717.5 41141 40154 39882 39793 39441 38573.5 37954 37759.5 36599 35201.5 35117 35471 35396.5 35337 35825
"1" 40689 40142.5 39770.5 39732 40337.5 40663 41305.5 42077 43305 43994.5 43975 44907 46782.5 48548.5 50586.5 52751.5 53314 52293.5 50846.5 49296.5 48088 46986 45907 44016 41309.5 39108.5 36833.5 35214 34604 34131 34235.5 35167.5 35718 36020 36001 35695.5 36108.5 36660 36941 37844 38799.5 39757 41003 41712.5 41237 40313 39895.5 39726.25 39430.25 38727 38278 38126.5 36987.5 35518 35062.5 35268 35537.5 35454
"2" 41283 40762 40334.5 39942 39860.5 40387.5 40634 41162.5 41820 42950.5 43549 43995 45296.5 46908.5 48459.5 50493 52546 52787 51678 50226 49062 47997.5 46586.5 45384 43440 40716.5 38449.5 36400.5 35105 34702.5 34273 34354 35228 35614.5 35842 35801.5 35523.5 35966.5 36516 36779.5 37744.5 39111.5 40344 41466 42018 41436.5 40321.5 39852.5 39803.5 39483.5 38774.5 38448 38340.5 36926 35461 35243 35511 35920
"3" 41361 41379 40979.5 40530.5 40101.5 39952 40396.5 40521.5 40930 41489 42540.5 43609 44483 45576 46950.5 48426 50384 52144 52182 51144.5 50082.5 48954 47758 46344.5 45129.5 43121.5 40204 38175.5 36446 35241 34855.5 34467 34552.5 35394.5 35757.5 35972 35946.5 35729.5 36248 36662 37020 38477.5 39812 40801 41859.5 42327.5 41568 40282.25 39879.25 39890.5 39581.5 38917 38590 37095.5 35665 35596.5 35424.5 35776
"4" 41517 41466.5 41615.5 41195.5 40700.5 40197.5 39964 40289 40295 40616 41341.5 42849.5 44105.5 44824.5 45738.5 46986.5 48387 50173.5 51695 51655 50949 49941.5 48696.5 47604 46319.5 44953 42641.5 39889.5 38152 36483 35262 34967 34656.5 34805 35653 35991 36187.5 36202.5 36040.5 36487 37122.5 37865.5 39158 40227.5 41121.5 42125 42464 41476 40181.5 39880.5 39925 39673.5 39070.5 38125 36665.5 35871 35777.5 35706.5
"5" 40727.5 41575 41480 41478.5 40958 40398 39894.5 39711.5 40175 40401 40863.5 41786 43371.5 44451 45017 45802.5 46987 48329 49950 51309.5 51489.5 50852 49764.5 48664 47690.5 46075.5 44200 42047.5 39650 38065.5 36638.5 35672.5 35410.5 35008 35084.5 35952.5 36335.5 36638.5 36738 36596.5 37269.5 38128.5 38677 39696 40708.5 41520 42227 42363 41340.5 39992.5 39590.5 39560.5 39236 38547.5 37994.5 36887.5 36028 36029
"6" 39678 40776 41674 41590 41599.5 41082.5 40504 39967 39761 40181.5 40281.5 41086.5 42349.5 43743.5 44637 45094 45857.5 47030 48274.5 49757 51292 51454 50599 49594 48597 47215 45065 43338.5 41588 39415.5 37932 36640 35723 35411.5 35012.5 35114.5 36032.5 36501 36834 36987 36986 37781 38629.5 39138.5 40100 41000 41608 42183.75 42293.25 41310 40084 39778.5 39800 39457.5 38682 38100 37060 36264.5
"7" 38301 39738 40882 41781 41708.5 41736 41199 40575.5 40010.5 39761 40130 40658.5 41740 42741.5 43950.5 44702 45164.5 45989.5 47099 48235 49782.5 51183.5 51093.5 50274.5 49446 48220.5 46415 44394.5 42949 41317.5 39256.5 37894.5 36642 35722 35389.5 34993.5 35170 36179 36683 37067.5 37171.5 37271.5 38263.5 39083 39467 40357.5 41140 41598 42162.5 42350 41432.5 40288 40017 39969.5 39598 38816 38294 37361
"8" 35686 38368.5 39842.5 40997.5 41910.5 41839.5 41845 41270 40628.5 40018.5 39700.5 40682 41567 42210.5 42955.5 44025 44756 45313 46145.5 47160.5 48316 49743 51075 51050 50254 49233 47737 46037 44236.5 42892.5 41318.5 39351.5 37990.5 36676 35726 35416 35111.5 35372.5 36426.5 36958.5 37237.5 37509.5 37802 38704.5 39454 39754.5 40542.5 41258.75 41650.75 42270 42517.5 41622.5 40587 40249 40168 39806 39007 38579.5
"9" 32407.5 35742.5 38471.5 39953 41123.5 42044 41957.5 41926 41325 40638 40036 40534 41941 42223 42468 43027 44091.5 44906 45488.5 46282 47297 48294 49641.5 51122 51104 50092.5 48849.5 47443 45940 44233.5 42913 41415 39458 38067.5 36743 35763.5 35507 35276.5 35593 36678 37118.5 37526.5 38022.5 38300.5 39092 39730 39924.5 40622.75 41363.25 41830 42467.5 42730.5 41923 40875 40467 40352.5 39991 39267.5
"10" 30424 32500.5 35787 38395 39776 40865 41765 41734 41743.5 41214.5 40581 40981 42144.5 42867.5 42582.5 42542 43088.5 44241 45075 45641.5 46450 47297 48226.5 49715 51216 50967.5 49777.5 48623.5 47373.5 45986 44344 43074 41535.5 39519 38115.5 36823 35917 35732 35553.5 35896 36893 37481 38103 38534 38669.5 39409.5 39982 40059.5 40726 41521 42034 42704 43001 42242.5 41179 40641 40505 40239
"11" 30046.5 30492 32529 35765.5 38410 39830 40984.5 41936 41858.5 41872 41420.5 41730.5 42789 43321.5 43365 42659 42581.5 43242 44418 45222.5 45811.5 46463 47233 48303 49779 51076 50642.5 49566.5 48582.5 47424.5 46131.5 44526.5 43199.5 41563 39540.5 38174.5 36923.5 36113 35998.5 35828.5 36101 37270 38023.5 38566 38940.5 39010 39621.5 40076.5 40157 40921 41738.5 42258 42991.5 43234.5 42390.5 41332.5 40811 40714
"12" 29725.5 30116.5 30522.5 32512 35780.5 38460.5 39942 41149.5 42062 41985.5 41907 42607 43908.5 44222 43943 43465 42677 42727 43422 44573 45405.5 45838.5 46413 47319.5 48364 49660.5 50775 50406 49539 48642.5 47535.5 46243.5 44577 43207 41569 39582 38261.5 37055 36301.5 36269 35947 36338.5 37777 38439 38877.5 39197 39184 39727.75 40164.75 40284.5 41085 41948.5 42587 43251.5 43385.5 42551.5 41512 41100.5
"13" 29984.5 29789 30144.5 30504.5 32525 35827.5 38574.5 40102.5 41267 42186 42152.5 43344 44807 45358 44951.5 44022 43483 42836.5 42908.5 43583.5 44812 45534.5 45858 46535.5 47384.5 48233.5 49399 50588.5 50351.5 49615.5 48809 47629 46230 44513 43206.5 41663 39696 38408.5 37275 36610.5 36333.5 36089.5 36875.5 38293.5 38841.5 39242.5 39426.5 39275 39829 40363 40536 41329 42247 42798.5 43376.5 43557 42766.5 41761.5
"14" 30819.5 30052 29817 30123 30508.5 32567 35934 38728 40219 41392 42432.5 43756.5 45820 46567.5 46220.5 44982 43995.5 43698 43061 43069.5 43862 45047.5 45669.5 46043.5 46607 47292.5 48070 49290 50590.5 50477 49827.5 48934.5 47633 46228 44585.5 43342 41837.5 39912 38683 37605 36719.5 36591 36658.5 37332.5 38610 39119 39469.5 39572.25 39405.25 40014 40615.5 40766 41604 42556 43028.5 43566 43780 43051.5
"15" 31390.5 30921.5 30206.5 30267.5 31184.5 32011 33987 36739 39422 41471.5 42077 43881.5 46370.5 47773 47589.5 46247.5 44892.5 44225 44003.5 43259.5 43420 44265.5 45466 46112.5 46177.5 46506.5 47137 47985.5 49275.5 50675 50663.5 49986.5 49000.5 47638 46318 44770 43540 42087 40260.5 39077.5 37830.5 37087.5 37211.5 37211.5 37783.5 38971 39408 39676.25 39740.25 39610 40255.5 40877 41079.5 41821 42746.5 43278.5 43812.5 44079
"16" 32133.5 31732 31522 30923.5 31083.5 31843 32286 33982 37172.5 40283.5 41584 43150.5 46398.5 48175.5 48632.5 47651.5 46277 45244.5 44569 44277.5 43637.5 43889 44797 45989.5 46276 46055 46311.5 46995.5 47951.5 49364.5 50873 50850.5 50064 48982.5 47705.5 46484.5 44979.5 43855 42505.5 40694.5 39290 38268.5 37920.5 37928 37784 38335.5 39414.5 39698.25 39888.25 40018.5 39983.5 40623.5 41244 41431 42163 43099 43623 44164.5
"17" 33123.5 32748.5 32873.5 32710 32019 31995 32568 32986.5 34913 38203 41149 43377 45593 48080.5 49051.5 48693 47693 46669.5 45611.5 44878 44524 44017.5 44636.5 45559.5 46297.5 46218.5 45878 46243 47032.5 48052.5 49597.5 51162.5 51043.5 50087.5 49057.5 47872.5 46728 45373.5 44329 43045 41112 39780.5 38924.5 38448.5 38365.5 38130 38506 39551.75 39925.25 40121.5 40243 40277 40959.5 41401 41523.5 42391.5 43329 43874
"18" 33926 34028.5 34410 34513.5 34103.5 33212 33156.5 33918.5 34325 36063.5 39989 43585.5 45861 47709 49174.5 49110.5 48570.5 47991 47106.5 45932 44821 44593.5 44876 45647 46014 46219 46008.5 45911 46361.5 47153.5 48434 50055 51456.5 51115 50203 49329.5 48249 47226 45905 44885 43516.5 41706.5 40503.5 39499 38984.5 38883.5 38505 38831.5 39831.5 40232 40557.5 40717.5 40755.5 41324 41796.5 42032 42853 43797.5
"19" 34976.5 34919.5 35838 36185.5 36009.5 35389 34502.5 34674 35367.5 35528.5 38166.5 42396.5 45591 47845 48815.5 49225.5 49043 48967 48784 47744 45608 44617 45450 45977 46262 45953 45923 45935 45943.5 46442.5 47411.5 48764 50386.5 51605.5 51328 50649 49824.5 48785 47767 46413.5 45433 44313 42624.5 41321.5 40288 39710.5 39433 38946 39218 40261 40770 41223 41410.5 41359.5 41960 42490 42686.5 43596
"20" 35925 35670.5 35706.5 36083.5 36048.5 35952.5 35837.5 35626.5 36016.5 36662.5 38029.5 40668.5 43965.5 47243 48871.5 48907.5 49184.5 49721 50067 49496 47458 45460 45546 46547 46631 46295.5 45692.5 45899 46090 46154.5 46864 47922 49223.5 50623 51776 51594.5 50949.5 50218.5 49187.5 48204 46963.5 46187.5 45137 43304.5 41915 40838 40101 39765 39352.5 39720.5 40825.5 41421.5 42065 42252 42152 42694 43186 43552
"21" 36242.5 36612.5 36771 36970.5 37484.5 37628.5 37725 37741.5 37339 37463.5 38823 40361 42232 45255 48054 48936.5 48871 49897 50899 51127.5 49445 47241.5 46484 46743 47232.5 46542.5 45891.5 45586 45967 46280.5 46600.5 47422 48394 49459 50796 52094 52012 51457 50770.5 49745 48938.5 47894.5 46962 45747 43889.5 42516 41283.5 40412.5 40150 39827 40295.5 41546 42270.5 42885 43064.5 42888 43325 43986.5
"22" 36171.5 36901 37628 37960 38352 39069 39361.5 39522 39383 38777 38947.5 40250 41665.5 43391 45917 48073 48933.5 49310.5 50783 51959 50958.5 49114 48198 47675 47490.5 47249 46206.5 45774 45690.5 46219.5 46668.5 47176.5 48158.5 48910.5 49796 51173.5 52578 52655 52152 51441 50712.5 50106 48825 47803.5 46561.5 44625.5 43104.5 41748.75 40827.75 40700 40557.5 41095.5 42464 43187 43731 43816.5 43566 44201.5
"23" 36377.5 36748.5 37756.5 38697 39274 39869 40675.5 40946 41015 40791.5 39568.5 39545.5 41226.5 42622.5 44057.5 45986 48062.5 49375 50208 51836.5 51857 50615 49966 49291.5 48406 47504.5 46801 45977.5 45867.5 45955 46582 47211 47879.5 48689.5 49288 50220 51703 53279 53435.5 52883 52679.5 52310 51388.5 49884.5 48713.5 47398.5 45272.5 43591.75 42234.25 41479 41492.5 41531 42241.5 43563.5 44254.5 44655.5 44627.5 44651
"24" 36883.5 36817.5 37338 38589 39891 40681 41250.5 41914 42196.5 42355.5 40908 39468 40352 41934.5 43152.5 44215 46046 48492 50137.5 51089.5 51695 51436.5 51305.5 50937.5 50010.5 48390.5 47010 46541 45994.5 46028.5 46265 47047.5 47802 48400 49125 49774 50799.5 52416 54033 54204 54292.5 54279.5 53414 52418.5 50914 49629 48006 45751.25 44116.75 42889 42379.5 42611.5 42741.5 43581.5 44900 45231.5 45434.5 45726.5
"25" 36805.5 37247 37223.5 37578 38194.5 38465 38309.5 38279 38584 38417.5 39018 39993.5 40205.5 40988 42342 43271 44341 46451 49040.5 50922 51066 51279.5 51906 52024.5 51536.5 49989 47832.5 46686.5 46553.5 46166.5 46377 46809 47679.5 48303 48822.5 49606.5 50409.5 51629.5 53270.5 54852 55764 56110 55561.5 54627.5 53605.5 52003 50448 48589.75 46300.75 44852.5 43869 43475 43811 44232 44967 45883.5 46188.5 46729
"26" 36775 37063.5 37416 37257.5 37504.5 38172 38629 38642.5 38672.5 39035 39298.5 39937.5 40591.5 40749.5 41326 42429 43402 44773 46967.5 49716 50922.5 50677.5 51580 52373.5 52451.5 51339.5 49255.5 47454 46684 46643.5 46409.5 46862 47393.5 48182 48746 49308.5 50204 51116.5 52408 54130 56598 57806 57472 56751 55716.5 54648.5 52778 50954 49116.5 47035 45790.5 45017.5 44775 45193.5 45522.5 46051 46931.5 47543
"27" 36564 36939.5 37084 37330.5 37116 37417.5 38224.5 38797.5 38913.5 39074 39325 39633.5 40451.5 41030 41040 41397 42516.5 43796 45289 47601.5 49745 50582 50881 51861 52651.5 52180 50532.5 48823 47402 46765.5 46874.5 46849.5 47421 47885 48613.5 49223.5 49938 50955.5 51905 53235.5 55986 58686.5 59022 58566.5 57785 56703 55414 53318 51475.5 49786 47933.5 47003 46367.5 46254.5 46665 46612 47052 48332
"28" 36856 36659.5 36848.5 36895 37130 36986 37391 38257.5 38973 39271 39031.5 39333 40108 40826 41267 41105.5 41455 42814.5 44244 45924.5 47745 49454.5 50640.5 51003 52004 52317.5 51287 49937.5 48704 47489.5 46933.5 47147.5 47236 47813 48207 48978 49762 50637 51753.5 52738 55018.5 57948 59787 59997.5 59482.5 58611 57315 55887.25 53831.25 52133.5 50646 49046 48199.5 47618.5 47424 47585.5 47656.5 48475.5
"29" 37099.5 36890.5 36478 36589 36655 36959.5 36896 37323.5 38357 39302.5 39198.5 39012 39781.5 40458.5 41036 41329 41167 41700 43163.5 44595 45941.5 47531.5 49415 50601.5 51007.5 51584.5 51355 50611.5 49709.5 48689.5 47637.5 47265 47582 47589 48072 48538.5 49413 50310.5 51288 52465 54534 56990 58944.5 60667 60819.5 60248.5 59189 57659.25 56278.25 54451 52970 51728.5 50258 49452 48809.5 48366 48492.5 48912.5
"30" 34325 37267 37168 37017 37350.5 37617 38109.5 38124.5 38506.5 39220.5 39380 39201.5 39427.5 40110.5 40644.5 41088 41401.5 41356 41941.5 43416 44523 45688.5 47462 49300 50539 50599 50645 50681 50383 49670.5 48851 47941 47557 47812.5 47810 48359.5 48903.5 49866 50860.5 51903 54142.5 56377.5 57861.5 59752 61395.5 61430 60718 59492.75 57944.25 56710 55105.5 53870 52751 51296 50413.5 49566 49150 49655.5
"31" 31494 34408 37300 37109.5 36874.5 37229.5 37521.5 37946.5 37854 38169 38557.5 39117 39604 39733.5 40287 40685.5 41137.5 41567 41575 42142.5 43374.5 44317.5 45588.5 47327 49198 50104 49718 49988.5 50403.5 50341.5 49805 49037 48154 47771 47964 48024 48673 49269 50305 51355.5 53170.5 55585 57097 58540.5 60434 61927.5 61753 60873.25 59687.25 58342 57203.5 55788 54838.5 53688.5 52052.5 51085.5 50327.5 50172
"32" 30836 31533.5 34385 37172.5 36916 36725.5 37091 37285.5 37619.5 37500 37805.5 38556.5 39474 39887.5 39896 40326.5 40722 41276.5 41759 41762 42138 43220.5 44173 45405.5 47224 48762 49320.5 49171.5 49737 50357 50414 49907.5 49165.5 48282.5 47860 48131 48281 49003 49695 50830.5 52309.5 54165 56164 57576.5 58963.5 60806 62220.5 61975 61050.5 60002 58792.5 57851 56645.5 55732 54490 52639.5 51639.5 51215.5
"33" 30894.5 30817.5 31457 34229.5 36955.5 36735.5 36533 36780.5 36909 37243 37296 37982 38892 39732.5 40045.5 39933 40357.5 40841 41437.5 41919 41793.5 42021 43086.5 43941.5 45227 46827.5 48009.5 48780 48913.5 49639 50389 50538 50046.5 49248.5 48355.5 47989 48302.5 48503.5 49333 50103 51716.5 53334.5 54728 56622.5 58002.5 59313 60988.5 62293.75 62138.25 61341 60452.5 59451 58622 57423 56334 54980.5 53179 52377.5
"34" 31700.5 30874 30690 31271.5 34003.5 36742.5 36495 36163 36361 36517.5 37426.5 37856.5 38313 39143.5 39873.5 40083 39970 40465.5 40979.5 41577.5 41981.5 41716.5 41881 42890 43771 44819 46099 47431.5 48529.5 48838.5 49648 50483.5 50639 50110.5 49265.5 48380.5 48099 48497.5 48783.5 49694 50935.5 52635 53802 55180 57012 58240.5 59431.5 61028.25 62371.25 62343 61724.5 60942.5 60070.5 59387 57990 56705 55401 53841
"35" 33839 31854.5 31329.5 31603 32652.5 35814.5 38748.5 38484 37968.5 38264.5 38301 38288.5 38165 38553.5 39277.5 39903 40114 40070.5 40590.5 41091 41615.5 41906 41578 41697 42755.5 43374.5 44093.5 45575.5 47200 48443 48825 49704 50583 50664.5 50092.5 49305.5 48497 48286 48761.5 49132 50188 51554.5 53098 54123 55462 57265 58403.5 59448 61042.5 62503.5 62640.5 62144 61448 60720.5 59984.5 58342.5 57054.5 55945.5
"36" 35726 33982.5 32120.5 31607.5 31806.5 32672.5 35626 38445.5 38121 37829.5 37972.5 38110 38586.5 38393 38684 39307 39935.5 40217.5 40183.5 40683.5 41106.5 41532.5 41796.5 41430.5 41584.5 42432.5 42688.5 43538.5 45347.5 47116 48455.5 48913.5 49745.5 50571.5 50675 50118.5 49395 48678 48534.5 49049 49607.5 50721.5 51891 53361 54326 55589 57305.5 58355.25 59402.25 61092 62688 63007.5 62690 62056 61174 60324 58683.5 57595.5
"37" 36394.5 35882 34269 32413 31821 31829.5 32499.5 35343.5 38079.5 37712 37475.5 37982.5 38402 38806.5 38514.5 38711 39333 40028.5 40330 40276.5 40709 41034 41442 41692.5 41331.5 41237 41791.5 42173.5 43244 45215 47062.5 48466 49001 49786 50568.5 50685 50169 49518.5 48876.5 48799 49473 50072 51047.5 52149 53537.5 54445 55636 57264 58281.5 59434 61250.5 63054.5 63523 63163 62501 61541 60636 59148
"38" 36489.5 36545.5 36179.5 34574 32627.5 31844.5 31657 32229 34993 37666 37533.5 37630 38228 38606.5 38915.5 38535.5 38735.5 39408 40123.5 40415.5 40286 40652.5 40976.5 41386.5 41653.5 41081.5 40715.5 41339.5 41944 43155.5 45214.5 47133.5 48529 49028 49813.5 50556.5 50691.5 50275 49702 49074 49171.5 49937 50362 51263.5 52290.5 53611.5 54486.5 55595.25 57179.25 58329 59599 61492 63453 63878 63360.5 62682 61730.5 61036
"39" 36701 36635.5 36851.5 36502.5 34792.5 32639 31669 31398 32188 34878 37627 37817.5 37844.5 38413.5 38713 38926 38549.5 38810 39498.5 40203 40445 40222.5 40586 40959 41362.5 41387.5 40608.5 40338 41114 41823 43079.5 45198.5 47174 48550.5 49018 49762.5 50547 50769 50422.5 49879.5 49222 49372.5 50151.5 50501.5 51360.5 52380.5 53623.5 54415.5 55500.5 57151 58416.5 59817.5 61889 63782 64037.5 63492 62837 62114.5
"40" 37253.5 36671.5 36383 36226.5 35533.5 33662 31616 30937.5 31040.5 31911.5 34952.5 37976.5 37982 37981 38490 38721 38932.5 38620 38896.5 39569.5 40211.5 40373 40108 40534.5 40955.5 41114.5 40924 40224 40128.5 41016 41793 43101 45245.5 47195 48528.5 48985.5 49754 50575 50864.5 50582.5 50069.5 49431.5 49519.5 50281.5 50636 51458 52420 53553 54312 55475.5 57232.5 58606 60122.5 62196.5 63996.5 64218 63690.5 63175.5
"41" 37603 37199.5 36583.5 36293 36165.5 35525.5 33699 31694.5 31032.5 31077 31803 34940 38123.5 38093 38043 38482.5 38725.5 38989.5 38694.5 38964 39556 40121 40283 40050.5 40523.5 40754 40690 40576 40043.5 40048.5 40959.5 41748.5 43090 45220.5 47147 48494 48961.5 49767.5 50671.5 50983 50670 50215 49589.5 49631 50329 50642.5 51423 52317 53429.5 54257 55510 57330 58833.5 60400.5 62393.5 64121.5 64355 63978
"42" 37206 37557 37102.5 36497 36244.5 36160 35577 33792 31797.5 31067.5 30908.5 31715.5 35067 38215 38128.5 38021.5 38468.5 38769 39050 38755.5 38958.5 39482 40032 40223.5 40009 40283 40359.5 40366 40370 39939.5 40002 40947 41764 43093.5 45173.5 47073 48443.5 48964.5 49829 50709.5 50950.5 50720.5 50317.5 49642 49629.5 50303 50575 51297.75 52203.75 53368.5 54278 55630 57594.5 59123 60597 62557 64260 64597.5
"43" 36357 37131.5 37451.5 36993 36440 36237 36194 35653 33881 31834 30937 30829.5 31804 35149 38247 38101 38001 38504 38828.5 39095 38743 38887 39420 40015.5 40196.5 39794.5 39916 40050 40159.5 40222.5 39864 39973.5 40911 41693 43003 45101.5 47024 48425.5 49003.5 49877.5 50749 51022 50746.5 50289.5 49596.5 49592.5 50255.5 50505.25 51206.25 52138 53406 54382.5 55846 57796.5 59274.5 60725 62630 64533.5
"44" 36230.5 36290.5 37029.5 37340.5 36916.5 36415.5 36264 36273 35748.5 33910 31716.5 30887 30913.5 31851.5 35164.5 38217 38068.5 38013 38549.5 38876 39073.5 38658.5 38814 39413 40004 39976 39415 39598.5 39865 40044 40131.5 39817.5 39957.5 40855.5 41587.5 42930 45066 47014.5 48450 49027 49901 50782.5 51015.5 50733 50266.5 49503.5 49448 50116 50419.5 51153 52077 53442.5 54564 56088.5 57931 59306 60818 62854
"45" 35705 36165 36218.5 36967.5 37287.5 36872 36326 36096.5 35998.5 35371 33591.5 31647 30949 30940.5 31851 35123 38182 38078 38031.5 38566.5 38791.5 38940 38607 38801.5 39405.5 39807.5 39593 39107.5 39420.5 39733 39947 40094 39797.5 39901 40766 41490 42853 45002.5 46999 48459.5 49011 49919 50783 50965 50667 50196.5 49385.5 49293.5 49991.5 50351.5 51121 52130 53578.5 54779.5 56296 58012.5 59378 60966.5
"46" 34888 35620 36062 36113 36861 37193 36780 36257 36048 35976 35469 33710 31691 30981 30932.5 31801 35080.5 38174 38080.5 38033.5 38470 38648 38880 38578.5 38746.5 39234 39496.5 39299.5 38928 39298 39635.5 39883 40036.5 39706 39791 40649 41385.5 42765.5 44945.5 46976 48298 48839.5 49842.5 50673.5 50857.5 50561.5 50048 49215.75 49140.75 49859.5 50272.5 51126 52215.5 53686 54806 56305 58062.5 59487
"47" 34739 34781.5 35509 35938 35989 36748.5 37072.5 36688.5 36191.5 36012.5 35939 35466 33752.5 31708 30964 30879 31745 35057.5 38161 38053 37926.5 38332 38586.5 38831.5 38517 38554.5 38895 39176 39070.5 38773 39187.5 39572.5 39839.5 39959 39578.5 39650 40541.5 41305 42713.5 44892 46871.5 48236 48740 49693 50516.5 50691 50384.5 49833.5 49039 49030.5 49780.5 50250 51154 52274.5 53814.5 54876 56295 58139
"48" 35083.5 34627.5 34666 35366.5 35798.5 35875 36627.5 36980.5 36612 36137.5 36040 35992 35484.5 33741 31657 30890 30812 31708.5 35038.5 38132.5 37948 37793 38269 38518 38749.5 38347 38235 38610 38981.5 38917 38637 39089.5 39497.5 39701.5 39797 39435.5 39532 40447 41225.5 42630 44772.5 46755.5 48143.5 48623.5 49582 50390.5 50476.5 50141.75 49608.25 48872 48916 49731.5 50276.5 51126.5 52179 53722.5 54834 56355.5
"49" 34184.5 34956 34494.5 34515 35214 35661.5 35744 36527.5 36900 36553 36076 35979.5 35958.5 35454.5 33692.5 31575 30810.5 30769 31668.5 34990 38029 37803 37687 38174 38414 38557 38035.5 37956.5 38422 38803.5 38749.5 38513.5 38981.5 39354 39528.5 39634 39292.5 39402 40311.5 41074 42468.5 44645 46613.5 47977 48426 49347.5 50140 50209.5 49901 49421 48717.5 48805 49691.5 50246.5 51132.5 52125 53620.5 54847.5
"50" 33143 34040 34779 34331.5 34387.5 35114 35591.5 35704 36491 36863 36530 36053 35932 35900 35385.5 33611.5 31487.5 30740 30709 31596 34850.5 37870.5 37732.5 37624.5 38078.5 38230 38267 37757.5 37745 38270 38675 38654 38429.5 38826.5 39158.5 39354.5 39497.5 39206.5 39329.5 40220.5 40941.5 42331 44484.5 46396.5 47784.5 48242.5 49110.5 49877.25 49953.75 49710 49301 48600 48764 49627.5 50105 51017 52013 53550
"51" 32416 32975 33862.5 34602.5 34186 34262 34993 35485.5 35587.5 36374.5 36782 36479 36003 35868 35821.5 35289.5 33527 31426 30675.5 30638 31480 34693 37760 37663.5 37533.5 37878.5 37944.5 38032 37573 37557.5 38104.5 38557.5 38537.5 38281 38653.5 38981.5 39202.5 39373.5 39095 39205 39962.5 40669.5 42091.5 44224 46178.5 47531.5 47931 48785 49592 49716.5 49474 49120.5 48544.5 48668 49454 49946.5 50874 51914
"52" 31325.5 32244 32792 33691 34455 34045.5 34116 34868.5 35358.5 35446.5 36223.5 36673 36394.5 35889.5 35757.5 35707.5 35169.5 33443 31356.5 30587 30499.5 31332.5 34565.5 37626 37552.5 37346.5 37571.5 37656.5 37822.5 37393.5 37394.5 37954.5 38417.5 38379.5 38089.5 38449 38792.5 39032 39212.5 38942 38901 39662.5 40487 41899 44053.5 45960 47266 47656.75 48489.75 49293 49457 49296 48994 48370 48473.5 49307.5 49813.5 50729
"53" 30654.5 31138 32051.5 32587 33511 34298.5 33888 33961.5 34713 35209.5 35289.5 36079 36570 36275.5 35761 35612.5 35552.5 35058 33358.5 31263 30441 30349.5 31245 34440 37471.5 37346.5 37054.5 37289.5 37414 37619 37223 37267 37825.5 38240.5 38179 37907.5 38268 38597 38848 39032 38601.5 38594.5 39435.5 40207 41652 43815 45679.5 46916.5 47345.5 48238.5 49055 49240 49156.5 48813.5 48134.5 48288.5 49107.5 49626.5
"54" 29561 30453 30915 31838 32410.5 33330 34111.5 33730.5 33800 34556.5 35079.5 35164 35953.5 36452 36140.5 35612 35460 35423 34939.5 33230.5 31099 30270.5 30252.5 31169.5 34307.5 37258.5 37082 36773 37041 37196 37426.5 37063.5 37089.5 37606 37984.5 37924 37691.5 38062 38379 38622.5 38746.5 38329 38325.5 39163 39968 41380.5 43471.5 45318.75 46558.75 47029 47981.5 48845 49131 49019.5 48591 47928.5 48111.5 48959
"55" 28254.5 29349.5 30262 30751 31672.5 32203 33128 33897.5 33479 33543.5 34293.5 34869.5 35021.5 35806 36290 35977.5 35467.5 35327 35281 34790.5 33059 30927.5 30155.5 30164.5 31050 34081.5 36935 36789.5 36542.5 36823.5 36966.5 37214.5 36871 36852.5 37355 37736.5 37669.5 37441.5 37816 38122 38300 38434.5 38004.5 38003 38906 39686.5 41048 43124.25 44986.75 46252.5 46742.5 47735.5 48704.5 49009 48819 48367 47705 47859
"56" 27643 28040 29130.5 30057.5 30517.5 31427 31976 32891 33664.5 33280.5 33370.5 34140 34694.5 34828 35616 36073 35774 35295.5 35144 35121.5 34626 32883 30783.5 30027 30027.5 30828.5 33777 36628.5 36533 36315 36588.5 36753.5 37014.5 36635.5 36587 37075.5 37443 37372 37172 37543.5 37841.5 38027.5 38098.5 37654 37701 38601.5 39327 40670.5 42769.5 44634 45926.5 46463 47508 48425.5 48707 48584.5 48102.5 47445
"57" 26863 27430.5 27807 28889.5 29819 30288.5 31215.5 31738.5 32637.5 33447.5 33060.5 33163.5 33972 34508 34631.5 35413.5 35862.5 35587 35113 34944 34928.5 34428 32711 30620.5 29847 29815 30553 33471 36341 36287.5 36072 36353.5 36556.5 36762 36335 36298.5 36782.5 37127 37054.5 36854 37124 37447 37694.5 37770.5 37342.5 37360.5 38182.5 38908.5 40321 42432.5 44314 45664.5 46224.5 47116.5 48022.5 48424.5 48298 47813.5
"58" 26157.5 26614.5 27174.5 27574 28636 29547.5 30023.5 30936 31465.5 32406.5 33245.5 32865 32954 33746 34259.5 34387.5 35192.5 35651 35376 34912 34738 34707.5 34245.5 32551 30457 29634.5 29561 30313.5 33212.5 36087.5 36062 35846 36121 36295 36474 36051.5 36004.5 36480 36844 36741 36510 36787 37062.5 37306.5 37431.5 37037 37059 37860.5 38570.5 39999.5 42131.5 44041 45428 45895.5 46804.5 47770 48103 47989.5
"59" 24732 25865.5 26326 26928 27305 28334 29257 29737 30653.5 31222 32186 33022 32643.5 32729.5 33507 34011 34167 34989.5 35427 35131 34660.5 34473.5 34472.5 34047.5 32360.5 30253 29395.5 29334 30095.5 32946 35819 35820.5 35594 35830.5 35991.5 36196 35768.5 35725 36221.5 36569 36461.5 36234 36458 36714 36946.5 37095.5 36722 36693.5 37503 38262 39705.5 41810.5 43748 45021 45462 46491.5 47443.5 47784.5
"60" 23817 24481.5 25596.5 26063.5 26647.5 27023.5 28069.5 28993.5 29478 30402.5 30940.5 31895.5 32747.5 32365.5 32463.5 33232.5 33709 33890 34750 35168.5 34854.5 34393 34200.5 34209.5 33787.5 32063.5 29959 29138 29079.5 29829.5 32648.5 35536.5 35588.5 35340 35547 35662 35825.5 35419.5 35392 35862.5 36228 36156.5 35904 36126.5 36389 36600.5 36719.5 36364.75 36341.75 37123.5 37927 39431 41563 43449 44720.5 45167.5 46162 47125
"61" 23661.5 23516 24165 25296.5 25766 26346.5 26697.5 27714 28661 29162.5 30055.5 30615 31598 32427 32051 32148.5 32937.5 33415 33600.5 34456 34855 34548.5 34134 33949.5 33928.5 33501 31754.5 29673 28879 28829 29590.5 32398 35283 35305.5 35022 35241 35360 35530 35120.5 35074 35453.5 35827 35822 35597 35800.5 36036 36280 36386.75 36035.75 36064 36877 37658.5 39152.5 41109.5 42919.5 44340 44859 45883
"62" 22789 23331.5 23208 23872.5 24977 25422 25996 26377.5 27400 28301 28818.5 29746 30311 31275.5 32092 31716.5 31815 32629 33102.5 33308 34169 34535 34214.5 33855 33683.5 33590.5 33114 31389.5 29379 28598.5 28541.5 29324.5 32138 34938.5 34885.5 34607.5 34851 34980 35114.5 34687.5 34564.5 34953 35397 35398.5 35208.5 35376.5 35583.5 35836.25 35964.75 35646.5 35683.5 36507 37327.5 38739.5 40755.5 42650 43992.5 44518
"63" 22149 22463.5 22980 22877 23532.5 24627 25065 25631.5 26016 27032 27968.5 28496.5 29384 29948.5 30914.5 31719.5 31363 31473.5 32278 32748.5 32970 33824 34190.5 33866 33540.5 33358 33211 32753.5 31053.5 29048 28291.5 28254.5 29035.5 31831.5 34573.5 34506 34229 34463.5 34608 34741.5 34282 34169.5 34585.5 35046 35032.5 34819 34973 35177.25 35414.25 35552.5 35269.5 35344 36206 36840 38258.5 40438.5 42309 43657
"64" 21433.5 21757.5 22050.5 22590.5 22527 23181 24222 24633.5 25245 25652 26630 27585 28127.5 28992 29576.5 30522 31318.5 31004.5 31112 31896 32347 32573 33456 33830.5 33476 33153 32973 32830.5 32391 30722 28764 28018 27985.5 28734.5 31477 34204 34158 33881.5 34112.5 34270.5 34344 33879 33814.5 34254.5 34717.5 34676 34452.5 34610.75 34824.25 35059.5 35203.5 34945 35018.5 35825.5 36475.5 37917.5 40052 41925.5
"65" 20696.5 20995 21251 21582 22132 22047 22691.5 23734 24190.5 24825 25200.5 26197 27169 27694 28577.5 29152.5 30086.5 30910.5 30612 30715 31488 31914 32141 33017.5 33391.5 33049.5 32744.5 32586 32434 32018 30387 28458 27740.5 27702.5 28426 31124 33809 33750.5 33488 33754.5 33907 33981 33543.5 33487.5 33910.5 34359 34319 34103 34273 34500 34754.5 34902 34636.5 34665.5 35466 36131 37577.5 39724.5
"66" 20074.5 20202 20521 20828.5 21135.5 21680 21617.5 22268.5 23298.5 23768 24402.5 24778.5 25757 26688.5 27239 28110 28679.5 29654 30481 30141.5 30254 31047.5 31481 31731 32607.5 32938.5 32570 32341 32184.5 32033 31664 30060 28157.5 27436 27389.5 28087 30769 33428 33361.5 33133 33450 33599.5 33637.5 33189 33134.5 33566 33993 33977.25 33772.75 33937 34187.5 34461 34589 34252 34318.5 35166.5 35825.5 37297.5
"67" 19499.5 19567.5 19728 20077.5 20351.5 20660.5 21221.5 21139.5 21798 22849 23354 24000 24318 25266 26189 26742.5 27605 28176.5 29183 29988 29644.5 29759.5 30552.5 30999.5 31256.5 32129.5 32429.5 32098 31925.5 31765 31607.5 31279.5 29712.5 27815.5 27106 27057 27735 30379 33012.5 32955 32742.5 33105 33234 33238.5 32812.5 32779.5 33224.5 33635 33645.5 33480.5 33623 33854.5 34126 34164.5 33804.5 33985.5 34897 35547.5
"68" 18793.5 18967 19036.5 19221.5 19575.5 19861.5 20152.5 20700.5 20653 21307 22342 22860.5 23506.5 23812.5 24719.5 25647.5 26197.5 27061 27648 28623 29426.5 29116 29241.5 30050.5 30519 30772.5 31609.5 31891.5 31605.5 31465.5 31316.5 31170.5 30872.5 29330 27437.5 26748.5 26702 27364.5 29979.5 32594.5 32465.5 32264 32717 32868 32885.5 32441.5 32381.5 32829.25 33255.25 33285.5 33161.5 33310 33482.5 33726.5 33842 33527.5 33674.5 34572
"69" 17686 18168.5 18363.5 18490.5 18655.5 19001 19317 19607.5 20160 20151 20758 21781.5 22302 22908.5 23235 24123.5 25029 25598.5 26478 27065.5 28032.5 28819.5 28538.5 28717.5 29529.5 29973 30232.5 31073 31343 31089.5 30985 30849.5 30721.5 30430.5 28906 27047.5 26400 26364.5 26981.5 29569 32222.5 32067.5 31815 32329.5 32453.5 32427.5 32004 31980 32468 32886.5 32924.5 32812.5 32967 33051 33317 33532.5 33198 33351
"70" 16947.5 17084 17570 17800.5 17904.5 18061.5 18383.5 18655.5 18985.5 19554 19573.5 20197 21183 21700 22329 22639 23503.5 24414.5 24968 25816.5 26398.5 27357.5 28151 27919.5 28136.5 28938.5 29366 29662.5 30490 30763.5 30544 30469.5 30362 30221 29943 28447.5 26623 25987 25951.5 26571 29201.5 31847 31625 31358.5 31883.5 32011 31964.5 31575.25 31607.25 32090.5 32511.5 32560 32389.5 32537 32690.5 32969 33174 32865.5
"71" 16397 16306.5 16442 16916.5 17150 17263 17417.5 17739 18054 18410.5 18972 19009 19606.5 20546.5 21064 21698.5 22003.5 22830 23722 24268.5 25105 25717.5 26678.5 27486.5 27315 27545 28342.5 28742 29031.5 29883 30164.5 29989.5 29940 29792.5 29672 29455 27976.5 26163 25542.5 25535.5 26235 28810 31334 31173 30933.5 31409.5 31521.5 31498 31159 31186 31652.5 32104.5 32119.5 31903.5 32072 32279 32592.5 32786.5
"72" 15648 15704 15609.5 15779.5 16257.5 16466.5 16582 16739.5 17070.5 17431.5 17854 18399.5 18374 18918.5 19802 20339.5 20998 21329 22150.5 22993.5 23539 24353 24994.5 25956.5 26743 26624.5 26859.5 27640.5 28060.5 28344 29186.5 29497.5 29354 29320 29193.5 29092.5 28865.5 27438.5 25676.5 25085 25041.5 25705.5 28273 30777.5 30640 30385.5 30840 30989.5 31035.5 30744 30771.5 31221 31631.5 31633 31475.5 31674.5 31882 32192.5
"73" 14600 14900 14946 14886.5 15054.5 15527.5 15706 15842.5 16061 16452.5 16811 17167 17704.5 17668.5 18211.5 19084.5 19613.5 20279.5 20573.5 21356 22204 22739 23554.5 24219.5 25169.5 25969 25863 26146.5 26933.5 27339 27633 28458.5 28797.5 28672 28639.5 28537 28457 28235 26869 25155 24579.5 24552.5 25194 27717.5 30247 30125.5 29824.5 30307.5 30485 30519 30250.5 30286 30718.5 31088.5 31110.5 31035.5 31228.5 31423
"74" 13507.5 13805.5 14082.5 14167 14133.5 14281.5 14711 14923.5 15129 15351.5 15676.5 16049.5 16416 16893.5 16894 17442 18296 18876.5 19528.5 19792 20554 21359 21909.5 22758 23449.5 24398 25158 25080 25372 26134 26555 26874 27703.5 28011 27907 27936.5 27859.5 27777 27568.5 26269 24617 24075.5 24047.5 24654 27137 29626 29488 29205.375 29734.375 29931 29959 29725.5 29744 30254.5 30703 30666 30567 30742
"75" 12093 12695.5 12953.5 13204.5 13269 13286.5 13452 13868.5 14138 14381 14607.5 14927 15254.5 15593 16080 16087.5 16637 17489 18020 18629 18941.5 19717 20476.5 21033.5 21905 22585 23525 24282 24206.5 24514.5 25317 25751 26040.5 26861.5 27192 27114 27178.5 27147.5 27086.5 26890 25586.5 23991.5 23514 23482.5 24087.5 26517.5 28953 28818.25 28558.25 29115.5 29336 29368 29094.5 29129 29684.5 30146 30133.5 30064.5
"76" 10530 11284 11815.5 12087 12337.5 12446 12499 12644 13067 13366 13574 13796.5 14120.5 14391.5 14728 15229.5 15224 15771.5 16627.5 17122 17722 18056.5 18785 19527 20131 21026 21695 22615 23350.5 23300 23625 24404.5 24858 25146.5 25965 26318.5 26238 26348 26356 26309 26118 24881.5 23368 22930 22933 23481.5 25854 28256.75 28104.75 27868.5 28458.5 28699.5 28720.5 28514.5 28623.5 29134.5 29547 29544.5
"77" 9486.5 9748 10446 10957 11198 11458.5 11567 11621 11818.5 12263.5 12483.5 12677 12954 13235 13507.5 13842.5 14305 14355.5 14898 15694 16179 16748.5 17095 17838 18587 19209.5 20071.5 20761 21686 22382 22326.5 22629 23430.5 23907 24225.5 25066.5 25399 25305 25456.5 25551.5 25513.5 25291 24103.5 22668 22231 22233 22779 25129.25 27491.25 27317.5 27127 27743 27936.5 27979.5 27825.5 27953.5 28466.5 28876.5
"78" 8234 8692 8924.5 9579 10073 10328.5 10540 10663 10764.5 10966 11364 11599.5 11778 12014.5 12310 12583 12889.5 13343.5 13464 13973 14694 15196.5 15778 16127 16865 17569.5 18177 19064.5 19795 20692.5 21300 21248.5 21596 22412.5 22918 23259.5 24124.5 24491.5 24384.5 24558 24718.5 24688 24454 23338.5 21969 21550 21575.5 22083.25 24308.25 26615.5 26523.5 26355.5 26954 27274.5 27390.5 27179 27273 27797.5
"79" 7156.5 7480.5 7910.5 8122.5 8722.5 9180.5 9392 9653.5 9812 9923.5 10131.5 10517 10713 10809.5 11079.5 11390 11600 11938.5 12393.5 12497 12991.5 13654.5 14181 14760 15099 15834.5 16514 17118.5 18010 18750.5 19602 20180.5 20142 20483.5 21316.5 21856.5 22201.5 23067 23451.5 23363.5 23474 23657 23762 23563.5 22487.5 21200 20820 20818.5 21283.5 23465 25744 25671 25507.5 26054 26371 26577 26410 26483.5
"80" 6310.5 6473.5 6770.5 7162 7399.5 7989.5 8375.5 8583 8832.5 8945 9111.5 9379 9670 9814 9976 10227 10481 10711.5 10979 11367.5 11506.5 11978 12615.5 13108 13645.5 13963.14 14707 15418.86 15993.3 16844.78 17514.465 18339.82 18955.37 18934.81 19289.59 20075.325 20633.16 20986.105 21824.94 22264.235 22268.585 22363.185 22585.26 22862.65 22800.945 21820.64 20772.595 20583.43 20249.77 20402.5 22532 24781.5 24705 24597.5 25269 25532 25695 25585
"81" 5189.5 5597.5 5753 6028.5 6402.5 6610 7092.5 7488.5 7724 7943 8042 8245 8471.5 8681 8861.5 9057.5 9259.5 9465.5 9718 10036.5 10397.5 10519 10990 11588.5 12070 12609.5 12934.64 13663.5 14369.86 14942.8 15753.28 16350.465 17130.32 17745.37 17774.81 18168.09 18939.325 19470.16 19858.105 20684.94 21059.235 21092.585 21278.185 21525.26 21782.15 21709.945 20764.64 19828.095 19713.43 19348.27 19459 21498 23637.5 23758 23731 24257.5 24560 24762
"82" 4410.5 4547.5 4930.5 5065.5 5302 5656.5 5807.5 6276.5 6678.5 6865 7058.5 7189.5 7386.5 7533.5 7745 7928 8075.5 8264.5 8493 8734.5 9026.5 9394.5 9568 10035 10568 11059 11613 11918.64 12571.5 13275.36 13868.3 14577.28 15140.965 15871.32 16493.37 16577.81 16973.09 17732.325 18213.66 18605.105 19447.94 19838.235 19861.585 20069.185 20359.76 20620.15 20570.445 19681.14 18818.595 18756.93 18356.77 18452 20420.5 22551 22756 22675 23217 23508
"83" 3908.5 3805.5 3914 4264.5 4427.5 4635 4892 5038.5 5505 5857 6000 6198 6305.5 6433 6624 6878 7034.5 7157.5 7305.5 7526.5 7772.5 8039.5 8414.5 8592.5 9057.5 9589 10031 10587 10908.64 11499.5 12131.86 12667.3 13304.28 13840.465 14601.82 15246.37 15304.81 15697.09 16468.325 16923.66 17325.605 18122.94 18486.235 18544.585 18785.685 19108.26 19358.65 19326.445 18525.14 17724.095 17701.93 17340.77 17434.5 19312 21375 21573.5 21513.5 22061.5
"84" 3332.5 3340 3242.5 3353.5 3648.5 3788.5 3966.5 4217 4354.5 4746.5 5059 5214 5382 5425 5585 5787.5 6006 6165 6252.5 6404 6629 6853.5 7144 7495.5 7628.5 8058.5 8550.5 9000 9534 9822.64 10407.5 10982.36 11426.3 12014.78 12564.465 13321.82 13940.37 14049.31 14455.59 15175.325 15593.16 16000.105 16760.94 17129.735 17248.585 17479.685 17785.26 18042.15 18052.945 17320.64 16592.595 16581.93 16200.27 16324 18214 20158 20309.5 20282
"85" 2684 2785 2785 2721 2815.5 3057 3176.5 3355 3587.5 3708.5 4037 4310.5 4437 4562 4627.5 4814 5000.5 5185.5 5304 5389.5 5553 5738 5956 6221 6529 6709 7132.5 7599.5 8007.5 8484 8743.64 9256.5 9803.36 10257.3 10849.28 11366.965 12048.82 12682.37 12848.31 13196.09 13800.325 14165.16 14611.105 15396.44 15755.735 15868.585 16088.185 16362.26 16631.15 16710.695 16063.39 15386.595 15383.93 15132.77 15298.5 16980 18742.5 18935
"86" 2116 2214.5 2297.5 2312.5 2239 2320 2526.5 2627.5 2819.5 3016.5 3081.5 3386.5 3600.5 3685.5 3857 3946 4065 4236.5 4401.5 4507 4619 4737.5 4897 5111.5 5375 5679 5843.5 6224 6645.5 7039.5 7505.5 7750.64 8190.5 8655.36 9084.8 9661.78 10128.965 10772.32 11407.87 11585.81 11841.59 12376.825 12774.66 13205.105 13969.94 14320.735 14417.085 14602.185 14894.76 15197.65 15249.945 14681.64 14095.095 14110.43 13879.77 14040 15665.5 17342.5
"87" 1602.5 1698.5 1791 1859.5 1869 1824 1890 2046.5 2141.5 2309.5 2447.5 2534.5 2806.5 2925 3004 3195 3262.5 3378.5 3541.5 3679 3788.5 3884 4009 4153 4338.5 4626 4845.5 4987.5 5376.5 5734 6069.5 6477 6763.14 7158.5 7549.86 8004.3 8503.78 8954.465 9591.82 10119.37 10261.81 10538.09 11031.325 11389.16 11808.605 12501.94 12800.735 12870.585 13097.685 13405.26 13661.65 13761.445 13316.14 12778.595 12839.93 12640.77 12762 14282
"88" 1159 1264.5 1359 1437.5 1463 1461 1434 1508 1647.5 1739 1873 1997 2075.5 2246.5 2370.5 2465 2584 2657.5 2772 2899 3027 3123 3214.5 3344.5 3472 3637.5 3886.5 4103.5 4252.5 4573.5 4874.5 5158 5508.5 5788.64 6179.5 6543.86 6934.3 7385.28 7802.465 8391.32 8818.37 8922.31 9219.09 9646.325 9999.66 10391.605 11014.94 11304.235 11403.585 11648.685 11919.76 12206.15 12315.445 11853.64 11429.595 11578.93 11378.77 11473
"89" 877 907 983.5 1059 1131.5 1166 1146 1112.5 1194.5 1322 1373 1482.5 1576.5 1601 1774 1889 1961.5 2071.5 2102 2202.5 2325 2430.5 2533 2624.5 2747 2872.5 3007.5 3237.5 3439 3572.5 3846.5 4093 4354 4650 4909.14 5261.5 5567.36 5919.3 6328.78 6697.465 7164.32 7534.87 7656.81 7948.09 8367.825 8659.66 8998.105 9573.44 9830.235 9879.585 10131.185 10459.76 10705.65 10812.445 10442.64 10105.595 10294.43 10136.27
"90" 633.5 685.5 717.5 763 805.5 860 883 877 874 927 999 1064.5 1170 1220.5 1247.5 1377.5 1457.5 1552.5 1632 1635 1738.5 1827 1908.5 2011.5 2098.5 2239.5 2337.5 2441 2659 2826 2943.5 3181 3390 3577.5 3847 4097.64 4384 4668.86 4987.8 5339.28 5634.965 6028.32 6401.87 6516.31 6764.09 7086.825 7301.66 7622.105 8123.44 8381.235 8421.085 8650.185 8999.76 9229.65 9346.445 9082.14 8827.595 9022.93
"91" 429.5 470 514.5 547 568 592.5 634 653 662.5 668 692 753.5 803.5 871.5 930 946 1046 1120 1180 1242 1264.5 1351 1408 1482 1579 1661 1782 1868 1963.5 2135.5 2254.5 2363.5 2581.5 2742 2887 3135.5 3333.14 3568.5 3826.36 4086.8 4373.78 4626.965 5017.32 5329.37 5391.81 5593.09 5858.825 6067.66 6347.605 6758.94 6977.235 7046.585 7251.685 7539.26 7786.15 7951.445 7791.64 7619.595
"92" 301.5 316.5 342 374.5 406 420.5 429.5 463 481.5 490 494.5 520 555.5 582 645.5 697.5 702.5 773 838.5 890 945 956 1026.5 1096 1170.5 1249.5 1299 1403.5 1466.5 1533.5 1668.5 1765.5 1849 2013.5 2184 2326 2507 2662.14 2865 3103.86 3307.8 3527.28 3755.965 4061.32 4308.87 4375.81 4514.09 4699.325 4901.16 5143.105 5487.94 5689.735 5779.085 5962.185 6235.26 6501.15 6662.445 6580.64
"93" 181.5 204.5 218 249 273 284 292 312 338 356.5 360.5 365.5 381 399 423.5 455 498 521 561.5 612 669.5 706.5 717.5 767.5 814.5 880 946 1012.5 1083 1128.5 1198 1278 1358.5 1416.5 1551 1729.5 1835 1948 2062.14 2246.5 2451.36 2616.8 2806.78 2967.965 3215.82 3442.87 3464.31 3559.09 3741.325 3905.66 4106.605 4406.44 4568.235 4639.085 4835.685 5078.76 5318.65 5493.945
"94" 118 123.5 153 155 168.5 189.5 193 204.5 218.5 234.5 248.5 244.5 246 255.5 280.5 307.5 320 348 367 394.5 428.5 474.5 506 518 567.5 612 650 710.5 778 825.5 846.5 882.5 951.5 1020 1078.5 1190 1329.5 1403 1496.5 1591.64 1711 1884.36 2021.3 2137.28 2262.965 2496.32 2681.87 2689.31 2759.09 2896.325 3054.66 3241.605 3468.94 3551.735 3634.585 3863.185 4091.26 4288.65
"95" 79.5 75 80.5 102 101.5 112 127.5 134 144 148.5 151 166.5 163.5 166.5 178 191.5 213 220.5 233 240 264 291 332.5 349 364.5 416 435 473 529 568.5 603 621.5 644.5 696.5 755.5 804.5 872 979.5 1053 1124.5 1180.14 1254 1384.36 1492.3 1606.28 1719.965 1888.82 2015.37 2010.81 2048.59 2154.325 2303.66 2451.605 2603.94 2705.235 2793.585 2970.685 3182.76
"96" 46.5 50 49 50.5 61.5 64 72 87 92.5 94.5 99.5 105 112 105 117.5 129.5 125.5 134.5 144 153.5 154.5 170 191 222 230.5 248.5 290.5 299.5 338.5 385.5 403.5 429.5 445 461.5 507 554.5 589.5 637.5 701.5 761 818 854.14 919.5 1027.86 1114.3 1187.28 1263.965 1369.32 1463.87 1469.31 1502.59 1597.825 1695.16 1795.105 1930.94 2027.235 2118.585 2260.685
"97" 35.5 34 29.5 27 32 39.5 41 45.5 55 57.5 56 59 62.5 67.5 66 73 87 89 90 97 101.5 101 113 132 151 160.5 174.5 198 210 243.5 274 280 300 312.5 319 356 398 430 460.5 488.5 529.5 577 597.14 640 728.86 782.8 835.28 890.965 944.82 1032.37 1056.31 1083.59 1144.825 1190.16 1289.105 1416.44 1497.735 1581.585
"98" 16 21.5 23 21 18.5 20 22 20.5 26 33 33.5 34.5 39.5 40.5 42.5 41 45.5 61 60.5 59 65 65.5 61.5 68 84 95 101 120 139.5 150.5 166 185.5 198.5 199 208 217 235.5 272 303 315 333 363 397 419.14 453 508.36 523.8 554.78 618.965 655.32 708.87 737.31 761.09 801.325 824.16 899.605 1015.94 1085.735
"99" 7 8.5 13.5 13.5 12 11 9.5 12 13 15.5 21.5 22.5 22.5 25 23 22 24 33 39.5 37 37.5 42.5 46 43 42 50.5 64 67.5 77 91.5 95.5 102.5 124 132.5 125.5 131.5 132.5 151.5 185.5 203.5 208.5 221.5 239 256 279.14 307 342.86 351.3 373.28 411.965 427.32 476.37 500.31 513.09 543.825 558.66 626.105 715.44
"100" 5 4 6 8.5 6 5 5.5 5 6.5 9.5 9.5 13 15.5 11 11.5 12.5 13 16.5 20.5 18.5 16.5 20.5 26 26.5 24 25 26 37 41 40.5 50 55.5 59 73 75 68 78.5 79.5 90.5 117.5 129 130 140 153.5 166.5 186.14 204.5 221.86 234.8 254.28 276.465 284.82 318.37 336.31 334.59 352.825 379.16 428.605
